5.998933
4.565236
5.781796
4.969947
5.824264
4.943283
4.099124
4.925296
5.007912
4.589237
6.391194
4.014934
4.951059
3.556665
3.939330
3.611702
5.767397
4.263970
5.579721
4.617866
7.060902
3.765182
6.165337
4.545798
4.865229
4.500361
4.817564
6.844313
4.757152
6.996861
5.004806
4.577821
6.540532
5.094743
6.524692
6.216753
4.863691
4.800784
4.706236
4.881642
3.839706
5.012362
5.022064
4.928747
3.678382
6.744327
4.667623
4.752727
3.819785
3.809572
2.990238
6.338375
5.488171
5.296360
5.243913
3.907661
4.400907
4.212073
2.419862
3.783523
3.756718
4.762118
6.800408
4.531123
2.763424
4.701400
6.781004
4.113995
5.256406
4.631490
4.284454
4.613178
4.698972
4.872686
5.853120
5.455156
4.968885
6.199050
5.359270
4.441441
5.932454
6.390525
5.978696
4.105353
5.277891
4.247351
4.383186
3.701467
5.986460
5.303079
3.514810
6.344174
5.220407
4.821642
4.668081
5.368215
4.550470
6.507338
4.958399
5.082031
6.113325
5.920656
3.594664
5.307088
4.688927
4.387971
6.850812
5.033995
4.907229
4.526357
5.838286
3.327884
3.004621
5.457955
3.069514
3.976358
4.373585
4.884047
4.404041
5.858529
2.785487
4.814045
4.264087
4.689108
5.809570
3.438133
6.260947
4.639107
6.117777
5.372350
4.980646
4.091687
3.575257
6.410243
3.960436
4.769238
3.252035
3.764206
5.195894
4.565060
6.128315
4.681465
4.509522
2.505671
4.733603
7.239350
4.683506
4.845587
5.915886
4.746870
4.170068
4.680921
5.815482
4.339506
5.051348
5.642922
4.590568
4.640226
4.256753
5.805924
4.670114
5.800904
5.238605
5.821535
5.939014
6.310177
2.737950
4.293205
4.725551
6.851491
6.350042
4.505053
3.558080
3.041337
7.021799
5.601559
4.919820
3.164596
5.011703
3.618034
4.252321
4.635649
2.796870
6.364305
4.398303
2.566156
4.533750
5.305852
4.763611
4.306469
4.634976
4.158176
3.361260
6.017639
4.238125
4.502968
4.325655
7.224719
5.520461
5.055610
4.343086
3.457977
3.227053
4.753784
5.473401
5.999887
4.965959
2.599221
5.597109
6.046566
4.921677
3.926398
5.075087
5.327829
3.836315
4.304953
5.063225
5.221834
3.755266
5.150380
5.307198
4.477444
5.987307
6.215888
5.367113
3.933275
4.786715
5.017956
3.399051
4.647493
5.229504
5.203557
6.924962
5.094306
5.398519
6.349519
5.775236
4.160278
4.803554
5.296677
3.845933
5.770708
4.849306
5.841581
3.735937
7.126612
6.090758
5.191462
5.869862
5.998854
5.781628
3.986590
6.651902
7.160744
5.546249
6.186186
4.156966
5.005807
5.237723
4.069884
6.021192
3.999902
5.583372
4.965295
6.246560
6.134302
2.914286
4.536548
3.904387
5.427762
4.640307
4.368752
5.590501
4.616681
5.397869
5.216987
6.317702
6.274168
5.547328
5.000069
6.302266
5.388746
5.071610
4.697757
4.923151
5.737305
4.615314
6.224353
4.242028
3.558772
5.038540
5.218246
5.287521
4.228681
5.183005
5.844343
6.006893
4.950062
3.208431
5.065230
5.311403
5.659765
5.279283
3.465728
4.613051
5.036498
4.619537
2.570954
7.336048
5.657143
3.757571
5.860224
4.749597
6.739608
3.523616
5.420664
3.879311
7.281276
5.971493
6.470273
5.603669
6.365730
3.467613
6.495368
4.296488
2.614683
5.396397
5.307275
4.644822
5.794081
6.766531
5.721216
6.030313
3.592241
5.291856
4.003103
2.792696
4.685034
5.424675
3.335219
6.095550
3.565292
5.099944
6.214047
7.707667
5.630685
4.655657
3.714970
6.838858
4.616754
5.468597
6.422678
6.027048
5.515901
4.708567
4.164004
4.721740
4.527986
3.842275
5.433947
4.943483
5.039704
5.336018
5.532957
5.063113
7.370719
3.368652
4.662463
3.534330
5.948835
4.989274
4.961093
5.553018
3.838761
3.546043
7.102169
3.952329
5.062461
6.245035
2.367607
6.314850
5.281733
5.738213
5.279377
2.056944
5.077410
3.986149
5.351094
5.666588
4.380201
4.905176
6.019387
5.929115
4.583174
3.347718
5.006477
5.018033
4.920943
4.214343
4.830034
5.921704
5.035757
5.356158
5.868259
4.956621
3.241204
5.101641
5.100196
5.464720
4.314216
4.232555
4.962760
4.952708
4.120960
5.499849
3.317539
4.111267
6.422389
5.469859
4.919251
6.710157
5.274207
4.229390
4.813122
4.529943
6.056609
5.860146
3.649428
6.030697
4.216277
5.357230
4.919881
4.379547
4.685611
4.373493
5.331310
3.939451
3.749428
6.251677
6.211533
6.236243
4.545077
5.057615
3.811359
5.729466
4.699364
6.241446
4.521295
4.728967
4.748488
5.077477
6.826093
7.404391
5.511090
6.291513
7.101677
4.276971
6.062241
5.831948
5.055329
3.791215
1.203459
4.051948
4.752887
5.107996
4.620165
5.897500
5.161025
5.384324
6.979328
4.660424
5.157110
4.585143
3.173168
5.272841
3.708572
4.668063
4.668921
4.643159
6.676806
4.484777
5.843470
5.969878
6.840027
6.257493
6.105909
4.794590
3.910327
4.960952
4.670792
4.796981
5.808554
3.535317
5.734540
5.367405
4.606278
5.454111
4.563294
3.389542
7.021428
4.562067
4.809774
4.429276
4.905580
5.679017
4.807618
5.557687
4.627277
3.496184
2.347314
4.463454
4.257386
4.467403
4.885860
4.517665
6.771418
5.617365
4.900956
5.480248
5.047422
5.158806
4.415538
4.152000
5.385857
2.858439
5.995763
4.233479
6.267352
4.440776
6.220344
5.200224
7.260989
4.208851
5.829982
5.620005
4.763893
7.583802
6.352823
4.989869
4.772981
6.360426
4.973354
3.903290
4.051702
4.416123
5.601683
6.192427
4.382673
3.229860
5.394199
4.433731
5.404316
5.745376
4.796713
6.715861
3.384331
5.101695
3.557177
2.823649
5.518637
5.472776
6.195402
4.131613
6.036996
4.310456
4.197888
5.074806
3.918293
3.435451
5.201210
2.696476
3.157040
3.727006
6.689101
3.729254
5.870441
5.221708
6.076002
6.857370
6.906330
4.667364
5.413012
4.028364
4.410965
5.923787
5.163059
4.913408
4.226938
5.372867
3.640520
3.674282
5.184289
6.549258
4.505070
5.160189
5.439157
5.722025
5.261866
6.727254
4.938401
5.337621
4.852511
4.242997
4.048750
5.211605
5.945790
5.212793
5.006322
5.136128
6.295213
4.142194
3.172219
5.109931
4.714903
5.849519
4.001583
4.964674
6.007388
4.351768
5.111480
5.878259
7.976632
4.426163
3.270393
4.680202
4.850218
3.957933
5.173519
4.899060
5.436441
4.104854
3.516686
6.255568
3.856842
4.985646
4.932603
4.738623
5.929198
6.391593
3.990310
4.950928
3.813837
5.729437
4.953874
6.853059
4.844061
6.073807
4.963467
4.923927
8.394778
6.525530
4.871437
4.068437
4.963948
5.426654
3.642690
6.724779
4.575270
5.832698
2.900787
5.251499
4.827439
7.133030
5.196098
6.805615
4.924987
4.457645
4.582117
6.205491
5.670127
5.543271
7.137591
6.046993
3.775003
5.390757
5.852824
5.658426
6.053840
4.561132
5.663150
6.190779
5.819434
7.312052
5.489128
6.320242
4.866089
5.085044
4.559206
5.891920
4.840886
5.743962
4.848181
5.462892
5.906375
3.426761
5.529716
6.416762
4.665111
6.604349
3.724873
6.127996
7.313613
7.391171
5.775162
6.018769
6.205568
4.538980
6.370310
6.593010
5.390992
5.124490
5.290368
4.214397
5.387581
5.370159
4.551985
7.565133
6.371147
4.091574
5.889047
4.633522
5.864575
4.883179
3.459269
4.643001
4.650558
6.020404
7.037997
4.690979
4.983247
4.926410
6.401972
5.183533
3.991884
5.387427
4.183305
6.522872
2.882782
3.020312
5.210462
5.199232
7.297900
4.847337
5.601520
4.467784
4.192822
5.607525
5.072609
5.087265
4.703434
3.055121
5.331472
4.957666
4.076760
4.883915
4.325789
6.303381
6.158983
4.927140
4.162889
4.885987
5.092639
5.990198
4.543801
6.500000
5.788187
5.686890
4.893176
2.694858
6.218132
5.388924
3.484102
5.553130
5.069214
3.775263
4.245238
5.037114
6.139102
4.378026
3.574666
4.281655
4.078212
4.223308
3.847489
6.243742
5.701582
4.616758
4.081751
6.418557
5.559449
5.848214
4.725337
4.624721
4.369819
4.700150
5.518261
5.034356
5.903262
4.274013
5.526375
4.646649
5.164219
5.077736
3.955149
5.271373
4.284052
3.337519
6.253763
4.202027
3.129484
4.608571
6.205463
4.200174
3.309709
6.441556
5.035050
3.507436
6.094278
4.557347
4.801972
4.134022
5.675671
4.831624
6.505589
4.251346
6.385814
4.375645
4.874946
4.051213
5.893174
5.270922
6.061846
5.644327
6.823387
5.992474
6.672046
4.124060
5.595877
3.832499
5.257095
5.192149
4.968220
4.013945
5.141799
6.133341
6.759121
7.853378
5.264453
3.521570
5.039609
4.075757
4.216900
7.225936
5.747617
4.946443
5.361795
5.363631
3.665981
5.374543
5.928991
3.844510
5.050624
5.469259
4.688832
3.584157
6.813022
5.892873
4.754001
5.027160
4.835411
4.307888
4.011149
6.771028
5.437051
4.824883
3.871751
7.512182
5.931496
2.979797
4.788255
5.411504
5.882347
6.105496
7.968601
4.151724
6.411994
4.485667
5.158686
2.779564
4.436054
4.579974
4.882353
4.198967
2.704549
3.887574
5.559721
6.285745
4.539483
5.565848
5.892328
5.077473
5.687258
4.717969
3.053475
6.362043
3.373581
4.977629
4.825841
5.571749
5.656875
4.694206
4.752326
4.417541
5.391558
6.836364
4.196457
4.465622
6.644120
4.163769
4.664037
4.267939
4.439810
3.719530
6.418088
4.282482
5.527508
4.339340
5.779397
5.661542
6.667277
3.969787
5.807282
5.383645
3.581805
5.935221
5.112501
6.203673
5.640086
4.914324
4.430172
4.799945
4.124669
5.259234
3.535668
6.009685
3.936274
3.872520
4.128174
3.824211
5.762554
4.596239
4.579021
4.142668
4.374534
4.369437
4.017280
4.644538
5.272563
6.388326
5.338677
5.594228
4.284578
5.200474
5.830037
5.072916
6.885866
5.729282
4.348659
5.337212
5.442434
6.647690
5.380868
3.622597
4.962693
6.094152
4.403071
4.847948
4.414707
3.123466
6.280883
4.529714
3.182974
6.529091
3.204131
2.404315
3.702057
5.179933
6.168347
4.110846
5.097910
6.475437
3.424165
5.657484
6.283422
5.066302
4.482641
4.171048
6.147410
4.105233
5.829238
